13
     0     0     0     0   104   101     0     0     0   102     0   102   100
     0     0     0     0     0    92     0     0     0     0     0    89     0
     0     0     0   115   104     0    90    85   107     0     0    93   104
     0     0   115     0   115    96     0     0   113     0   106    84    99
   104     0   104   115     0    82    84    81   118     0     0    94   103
   101    92     0    96    82     0     0     0     0     0   101     0    90
     0     0    90     0    84     0     0     0     0     0     0     0     0
     0     0    85     0    81     0     0     0     0     0    93    92     0
     0     0   107   113   118     0     0     0     0     0     0     0   102
   102     0     0     0     0     0     0     0     0     0     0     0     0
     0     0     0   106     0   101     0    93     0     0     0     0     0
   102    89    93    84    94     0     0    92     0     0     0     0   117
   100     0   104    99   103    90     0     0   102     0     0   117     0
