13
     0     0    81     0   118    94     0     0   103   101     0    90    93
     0     0    92     0     0   102     0     0     0   117     0   114     0
    81    92     0    83   100     0    93    97   112     0    89    81    81
     0     0    83     0    96   110     0    96    81     0   106   114   114
   118     0   100    96     0    91    80    95    93     0     0    84    96
    94   102     0   110    91     0     0     0     0     0    93     0   100
     0     0    93     0    80     0     0     0     0    80     0     0     0
     0     0    97    96    95     0     0     0     0     0   116   111     0
   103     0   112    81    93     0     0     0     0     0     0     0    93
   101   117     0     0     0     0    80     0     0     0     0     0     0
     0     0    89   106     0    93     0   116     0     0     0     0     0
    90   114    81   114    84     0     0   111     0     0     0     0    88
    93     0    81   114    96   100     0     0    93     0     0    88     0
