14
     0    95     0    93    84    96     0    93   100     0    80   116     0     0
    95     0   111     0     0     0    93     0     0    88     0     0     0     0
     0   111     0    92    91    83     0     0    98     0   112    98   115     0
    93     0    92     0   103     0     0     0   107   118   106     0    84     0
    84     0    91   103     0     0   107    83     0     0    85     0     0    93
    96     0    83     0     0     0   119    80   106   119    97    81    84   114
     0    93     0     0   107   119     0    96   107   116     0     0    91    97
    93     0     0     0    83    80    96     0    89     0     0   101   111     0
   100     0    98   107     0   106   107    89     0   100     0   104     0    90
     0    88     0   118     0   119   116     0   100     0    93     0    81     0
    80     0   112   106    85    97     0     0     0    93     0     0     0     0
   116     0    98     0     0    81     0   101   104     0     0     0     0     0
     0     0   115    84     0    84    91   111     0    81     0     0     0    87
     0     0     0     0    93   114    97     0    90     0     0     0    87     0
