16
     0     0     0   119     0     0   106     0   101     0     0     0     0    95   119     0
     0     0   103    94     0     0    90    96     0     0    83     0     0    91     0     0
     0   103     0   106     0     0     0     0     0     0     0   113     0   102     0    94
   119    94   106     0     0     0     0     0     0     0     0     0     0    84     0     0
     0     0     0     0     0   105    83   103     0     0    91    99   102     0    96     0
     0     0     0     0   105     0     0     0     0     0   112     0     0   110   120     0
   106    90     0     0    83     0     0   117    91   116   116   101     0   116   103    82
     0    96     0     0   103     0   117     0    93     0     0   102   107   109     0   114
   101     0     0     0     0     0    91    93     0     0    84     0     0     0     0   112
     0     0     0     0     0     0   116     0     0     0     0    87   112     0   105     0
     0    83     0     0    91   112   116     0    84     0     0     0     0     0     0     0
     0     0   113     0    99     0   101   102     0    87     0     0     0   109     0    86
     0     0     0     0   102     0     0   107     0   112     0     0     0     0   109    94
    95    91   102    84     0   110   116   109     0     0     0   109     0     0     0     0
   119     0     0     0    96   120   103     0     0   105     0     0   109     0     0     0
     0     0    94     0     0     0    82   114   112     0     0    86    94     0     0     0
