16
     0   103     0    82     0     0    93     0   102     0     0     0     0   107   109     0
   103     0   114    84   112     0    87   112     0     0   105   109    86   109     0     0
     0   114     0    94     0     0     0     0     0     0     0    91     0    93     0   107
    82    84    94     0     0     0     0     0   110     0     0     0   116    82     0     0
     0   112     0     0     0   103   107    84   101     0   120   120    98     0   100     0
     0     0     0     0   103     0     0     0     0     0   118    81     0   104    90     0
    93    87     0     0   107     0     0   103    92   119    96    96     0   110   103    88
     0   112     0     0    84     0   103     0    96     0     0    94    96    87     0   108
   102     0     0   110   101     0    92    96     0     0   107     0     0     0     0   100
     0     0     0     0     0     0   119     0     0     0     0    94    96     0    97     0
     0   105     0     0   120   118    96     0   107     0     0     0     0     0     0     0
     0   109    91     0   120    81    96    94     0    94     0     0     0    98     0    81
     0    86     0   116    98     0     0    96     0    96     0     0     0     0    85   102
   107   109    93    82     0   104   110    87     0     0     0    98     0     0     0     0
   109     0     0     0   100    90   103     0     0    97     0     0    85     0     0     0
     0     0   107     0     0     0    88   108   100     0     0    81   102     0     0     0
