16
     0    92     0   119     0     0    96    96   110     0     0     0     0   103    88     0
    92     0    96    94    96     0    87   108     0     0   107   100    94    96     0    97
     0    96     0    98     0     0    81     0     0     0     0    85     0   102     0   102
   119    94    98     0     0     0     0    84   104     0    80     0   107   101     0     0
     0    96     0     0     0    83    92   113   108     0   105   113    85     0    82     0
     0     0     0     0    83     0     0     0     0     0   104   111     0    92    80     0
    96    87    81     0    92     0     0    84   108    89   114    94   111    87   113    90
    96   108     0    84   113     0    84     0   107     0     0   116    95    89     0    97
   110     0     0   104   108     0   108   107     0   102   113     0     0     0     0    99
     0     0     0     0     0     0    89     0   102     0     0    88    95     0   102     0
     0   107     0    80   105   104   114     0   113     0     0     0     0     0     0   102
     0   100    85     0   113   111    94   116     0    88     0     0     0    87     0    91
     0    94     0   107    85     0   111    95     0    95     0     0     0     0    86   120
   103    96   102   101     0    92    87    89     0     0     0    87     0     0     0     0
    88     0     0     0    82    80   113     0     0   102     0     0    86     0     0     0
     0    97   102     0     0     0    90    97    99     0   102    91   120     0     0     0
