17
     0   110   108   102     0     0    91     0     0     0   119     0     0   112     0     0     0
   110     0   108   115   106     0     0     0     0     0     0    90    86     0     0     0     0
   108   108     0     0    99     0    93    81    81    97    93     0     0    81    86     0     0
   102   115     0     0     0   106   116     0   101     0   106    90     0     0     0   120     0
     0   106    99     0     0   116   116    80    99     0    82    96    88   111   119    99     0
     0     0     0   106   116     0   109   110    86   105    97     0    98   111     0     0     0
    91     0    93   116   116   109     0   116     0   112   114   119    88    87     0     0     0
     0     0    81     0    80   110   116     0    82     0    95   115   118     0     0     0     0
     0     0    81   101    99    86     0    82     0     0   118   102     0     0     0    87     0
     0     0    97     0     0   105   112     0     0     0   120     0    97     0     0     0     0
   119     0    93   106    82    97   114    95   118   120     0    83   120     0   118    85     0
     0    90     0    90    96     0   119   115   102     0    83     0    96     0    85     0     0
     0    86     0     0    88    98    88   118     0    97   120    96     0   118    96   106   109
   112     0    81     0   111   111    87     0     0     0     0     0   118     0     0    85     0
     0     0    86     0   119     0     0     0     0     0   118    85    96     0     0     0     0
     0     0     0   120    99     0     0     0    87     0    85     0   106    85     0     0     0
     0     0     0     0     0     0     0     0     0     0     0     0   109     0     0     0     0
